{
	"patcher" : 	{
		"fileversion" : 1,
		"appversion" : 		{
			"major" : 8,
			"minor" : 5,
			"revision" : 5,
			"architecture" : "x64",
			"modernui" : 1
		}
,
		"classnamespace" : "box",
		"rect" : [ -1629.0, -108.0, 355.0, 285.0 ],
		"bglocked" : 0,
		"openinpresentation" : 1,
		"default_fontsize" : 12.0,
		"default_fontface" : 0,
		"default_fontname" : "Arial",
		"gridonopen" : 1,
		"gridsize" : [ 15.0, 15.0 ],
		"gridsnaponopen" : 1,
		"objectsnaponopen" : 1,
		"statusbarvisible" : 2,
		"toolbarvisible" : 1,
		"lefttoolbarpinned" : 0,
		"toptoolbarpinned" : 0,
		"righttoolbarpinned" : 0,
		"bottomtoolbarpinned" : 0,
		"toolbars_unpinned_last_save" : 0,
		"tallnewobj" : 0,
		"boxanimatetime" : 200,
		"enablehscroll" : 1,
		"enablevscroll" : 1,
		"devicewidth" : 0.0,
		"description" : "",
		"digest" : "",
		"tags" : "",
		"style" : "",
		"subpatcher_template" : "",
		"assistshowspatchername" : 0,
		"boxes" : [  ],
		"lines" : [  ],
		"dependency_cache" : [  ],
		"autosave" : 0,
		"styles" : [ 			{
				"name" : "rnbohighcontrast",
				"default" : 				{
					"accentcolor" : [ 0.666666666666667, 0.666666666666667, 0.666666666666667, 1.0 ],
					"bgcolor" : [ 0.0, 0.0, 0.0, 1.0 ],
					"bgfillcolor" : 					{
						"angle" : 270.0,
						"autogradient" : 0.0,
						"color" : [ 0.0, 0.0, 0.0, 1.0 ],
						"color1" : [ 0.090196078431373, 0.090196078431373, 0.090196078431373, 1.0 ],
						"color2" : [ 0.156862745098039, 0.168627450980392, 0.164705882352941, 1.0 ],
						"proportion" : 0.5,
						"type" : "color"
					}
,
					"clearcolor" : [ 1.0, 1.0, 1.0, 0.0 ],
					"color" : [ 1.0, 0.874509803921569, 0.141176470588235, 1.0 ],
					"editing_bgcolor" : [ 0.258823529411765, 0.258823529411765, 0.258823529411765, 1.0 ],
					"elementcolor" : [ 0.223386004567146, 0.254748553037643, 0.998085916042328, 1.0 ],
					"fontsize" : [ 13.0 ],
					"locked_bgcolor" : [ 0.258823529411765, 0.258823529411765, 0.258823529411765, 1.0 ],
					"selectioncolor" : [ 0.301960784313725, 0.694117647058824, 0.949019607843137, 1.0 ],
					"stripecolor" : [ 0.258823529411765, 0.258823529411765, 0.258823529411765, 1.0 ],
					"textcolor" : [ 1.0, 1.0, 1.0, 1.0 ],
					"textcolor_inverse" : [ 1.0, 1.0, 1.0, 1.0 ]
				}
,
				"parentstyle" : "",
				"multi" : 0
			}
 ]
	}

}
